%%MatrixMarket vector coordinate real general
256
1   5.91543020630739407872e-02
2   5.87094840337094095450e-02
3   5.88884889198610234073e-02
4   5.96913434182005306350e-02
5   5.97171384001951299769e-02
6   5.97064261638576634916e-02
7   5.98449941547485597670e-02
8   5.93361024649205967552e-02
9   5.94475115962013467286e-02
10   5.97685964432762562026e-02
11   6.01554431475348760916e-02
12   6.01301071724894276027e-02
13   6.07822800835164725464e-02
14   6.12521789725687590411e-02
15   6.14748006144444844590e-02
16   6.14631421816602407926e-02
17   6.21903683614782668010e-02
18   6.18254020657235184300e-02
19   6.26272587781141476526e-02
20   6.32285402632434961889e-02
21   6.45728442636739619065e-02
22   6.35822852559338042022e-02
23   6.37161439023503639589e-02
24   6.43925058229971869483e-02
25   6.53862366554393142914e-02
26   6.60459566614904208803e-02
27   6.83280660913677673207e-02
28   6.87266793105374973472e-02
29   6.91597095313534887540e-02
30   7.01783634185498966795e-02
31   7.06242649419468043748e-02
32   7.10643689525254640404e-02
33   7.22808876102292302557e-02
34   7.29632797994698850674e-02
35   7.33486214784334900063e-02
36   7.30704482208350825090e-02
37   7.46200776021706674301e-02
38   7.55935056319455012108e-02
39   7.52708035812974102230e-02
40   7.56629328744241463900e-02
41   7.49867011761202739706e-02
42   7.41002226337427460923e-02
43   7.43819887190323436599e-02
44   7.54766553459848832386e-02
45   7.67473240659238276073e-02
46   7.65116084162804771518e-02
47   7.58889938251458978646e-02
48   7.44980999599815091328e-02
49   7.34870998108698991746e-02
50   7.29115131545468031504e-02
51   7.24772690044297035472e-02
52   7.13587046893165571904e-02
53   7.15439777969898021981e-02
54   6.88425881450947241280e-02
55   6.74453707168291283214e-02
56   6.61406889925446883627e-02
57   6.63323742534163013351e-02
58   6.56003487242573513072e-02
59   6.51091123831466916938e-02
60   6.39164859702938403796e-02
61   6.36977094963281365025e-02
62   6.38386862767525292695e-02
63   6.22591135241061938155e-02
64   6.11185485278020884659e-02
65   5.93920326170948101319e-02
66   5.79222103820959954845e-02
67   5.78617277277698460747e-02
68   5.81849306214697117867e-02
69   5.99922551311039969901e-02
70   6.09597900833098380047e-02
71   6.12342009989134267167e-02
72   6.10433049527708687654e-02
73   6.15672945972512083990e-02
74   6.21637321866883862942e-02
75   6.41966131226221342621e-02
76   6.52206624666672729607e-02
77   6.68175115608228564756e-02
78   6.76011508224362428487e-02
79   6.68883217010828035054e-02
80   6.69903464154146671694e-02
81   6.62964322435527775301e-02
82   6.60314509758456319455e-02
83   6.36665708720965672907e-02
84   6.23190584975672964840e-02
85   6.16598211226564926757e-02
86   5.89014974253304693375e-02
87   5.75427380727925180670e-02
88   5.71572599623048210882e-02
89   5.64128523610713944469e-02
90   5.47145011394421995621e-02
91   5.40967857326127010698e-02
92   5.38041455369649285201e-02
93   5.37323321263642947332e-02
94   5.33418837097451165041e-02
95   5.40908662673348361594e-02
96   5.37093333802193956261e-02
97   5.40756761293778032140e-02
98   5.44888580832116053987e-02
99   5.61156324246133292322e-02
100   5.77049057703837506295e-02
101   6.02623311436613490200e-02
102   6.02806505805134756892e-02
103   6.01276302969124196163e-02
104   5.98005589355789443640e-02
105   6.07261087896727308477e-02
106   6.17351935505282972683e-02
107   6.15498828503739728313e-02
108   6.12874388826018454135e-02
109   6.20828872132882444990e-02
110   6.33106873576834844330e-02
111   6.31765274925831649133e-02
112   6.41375431058382322602e-02
113   6.41875129026850677061e-02
114   6.44288896170788494278e-02
115   6.40957848659550188941e-02
116   6.36110978216339190139e-02
117   6.51765469292522603428e-02
118   6.53104150023563478911e-02
119   6.46481937012264584741e-02
120   6.55803688415503016618e-02
121   6.63103863753255751146e-02
122   6.64313728534562941697e-02
123   6.69079606262516640713e-02
124   6.83058693345274386965e-02
125   6.83014551669965386260e-02
126   6.97101647123215678592e-02
127   7.00209019354907646893e-02
128   7.02495753643624931684e-02
129   6.90831543797965907938e-02
130   6.92535761393726773116e-02
131   6.92497564901532469683e-02
132   6.94421651916265619819e-02
133   6.97535181439899037992e-02
134   6.84371043258386879682e-02
135   6.81805107058204157289e-02
136   6.89369027460898786686e-02
137   6.86616312982846338508e-02
138   6.84338616204575173052e-02
139   6.74331824792101658383e-02
140   6.70930464733307113656e-02
141   6.64866771247736576544e-02
142   6.63757515152686855542e-02
143   6.42476981089160487093e-02
144   6.31175721142111234574e-02
145   6.58881774874142678300e-02
146   6.86461148416354222102e-02
147   6.98395674868702853733e-02
148   7.12832374171670501983e-02
149   7.19992060589607629773e-02
150   7.27998416636357198461e-02
151   7.45988471131778241308e-02
152   7.73583986460289751985e-02
153   7.81554395890673575531e-02
154   7.84917283643030427864e-02
155   7.86659133751065886564e-02
156   7.78136586489279885592e-02
157   7.78201171127299307084e-02
158   7.70240641154795735446e-02
159   7.67431832482321357736e-02
160   7.67992432654203277531e-02
161   7.68839584717237733980e-02
162   7.81894778196643019941e-02
163   7.79355490324101507493e-02
164   7.65906817950692958563e-02
165   7.56591705561400207358e-02
166   7.66741362246458335594e-02
167   7.65014151879743198315e-02
168   7.57313533839861774410e-02
169   7.68409669227749364540e-02
170   7.60617087058501062380e-02
171   7.56281212771324345967e-02
172   7.63238285328959875642e-02
173   7.73546426764431388490e-02
174   7.83270095576790170711e-02
175   7.79015557174057154954e-02
176   7.75156676593719146107e-02
177   7.83485100309112836303e-02
178   7.77432074432574393708e-02
179   7.68365095796179065069e-02
180   7.61587522017822260434e-02
181   7.57970926207162387644e-02
182   7.32514085506001527692e-02
183   7.25922792918543696716e-02
184   7.19337891749772945227e-02
185   7.00886565921900600573e-02
186   7.02806492207396216187e-02
187   7.12446445025226166026e-02
188   6.97619864373915377076e-02
189   6.85512992211847194124e-02
190   6.64488062252716615852e-02
191   6.56423048189534591446e-02
192   6.50188468286942156116e-02
193   6.55466785516231609243e-02
194   6.45876768739939016717e-02
195   6.36106642325409976646e-02
196   6.28888526967279065660e-02
197   6.24475279622642501232e-02
198   6.21930619328668610191e-02
199   6.29073405292537857214e-02
200   6.14036809211961007171e-02
201   6.03745145575325728449e-02
202   6.02335578682451702748e-02
203   5.93047652424903773416e-02
204   5.80547319887168844499e-02
205   5.89512426998677618872e-02
206   5.81546154780725396694e-02
207   5.81056837636334880259e-02
208   5.75560869973055916349e-02
209   5.75329603599397665370e-02
210   5.77770400377227502653e-02
211   5.78956693723845713939e-02
212   5.68314877459388453906e-02
213   5.61583367260825166989e-02
214   5.46374831642885416816e-02
215   5.30019937687421505146e-02
216   5.21206564929811363984e-02
217   4.93618646239688749211e-02
218   4.75168792573960052650e-02
219   4.69997081967997304419e-02
220   4.65329004506408738795e-02
221   4.55215040962933248370e-02
222   4.35717337049315034392e-02
223   3.99251085763808466478e-02
224   3.76956334320194680343e-02
225   3.74550812893325868469e-02
226   3.75727810378791646229e-02
227   3.57684952286474594496e-02
228   3.39877244694999844365e-02
229   3.26103404171740537953e-02
230   3.20994812089472336680e-02
231   3.21578350146095107154e-02
232   3.13259581633316477878e-02
233   3.02639487239613480529e-02
234   2.95728676530797943145e-02
235   2.91103656975326939571e-02
236   2.98385978450387383265e-02
237   3.12187850885059965667e-02
238   2.94373261915917908138e-02
239   2.81508183985747159617e-02
240   2.79485398569593243567e-02
241   2.70780159628147276685e-02
242   2.50319089934722474600e-02
243   2.52749962066341829492e-02
244   2.47405464940640001936e-02
245   2.43104767879346803094e-02
246   2.38887020507754024856e-02
247   2.33132260218460798940e-02
248   2.29846726919872360040e-02
249   2.24087297076835979814e-02
250   2.20335763934791442620e-02
251   2.14479400352571916710e-02
252   2.12226399045262019427e-02
253   2.11502034321981377540e-02
254   2.03310577212363792488e-02
255   1.98722191334741241087e-02
256   1.87614035606347706597e-02
