1.000000e+00
4.108553e+00
1.680453e-02
1.626508e-02
1.577368e-02
1.532931e-02
1.493045e-02
1.457517e-02
1.426117e-02
1.398589e-02
1.374657e-02
1.354031e-02
1.336414e-02
1.321507e-02
1.309017e-02
1.298658e-02
1.290156e-02
1.283251e-02
1.277701e-02
1.273279e-02
1.269777e-02
1.267004e-02
1.264788e-02
1.262973e-02
1.261418e-02
1.260001e-02
1.258610e-02
1.257148e-02
1.255532e-02
1.253687e-02
1.251551e-02
1.249069e-02
1.246197e-02
1.242897e-02
1.239140e-02
1.234901e-02
1.230164e-02
1.224915e-02
1.219149e-02
1.212861e-02
1.206052e-02
1.198728e-02
1.190895e-02
1.182565e-02
1.173750e-02
1.164467e-02
1.154731e-02
1.144562e-02
1.133980e-02
1.123008e-02
1.111666e-02
1.099978e-02
1.087969e-02
1.075662e-02
1.063081e-02
1.050252e-02
1.037198e-02
1.023943e-02
1.010512e-02
9.969279e-03
9.832138e-03
9.693921e-03
9.554846e-03
9.415125e-03
9.274961e-03
9.134551e-03
8.994083e-03
8.853736e-03
8.713681e-03
8.574082e-03
8.435091e-03
8.296853e-03
8.159506e-03
8.023176e-03
7.887984e-03
7.754040e-03
7.621446e-03
7.490300e-03
7.360686e-03
7.232686e-03
7.106373e-03
6.981811e-03
6.859060e-03
6.738173e-03
6.619197e-03
6.502172e-03
6.387134e-03
6.274113e-03
6.163134e-03
6.054217e-03
5.947379e-03
5.842630e-03
5.739980e-03
5.639432e-03
5.540986e-03
5.444641e-03
5.350390e-03
5.258225e-03
5.168134e-03
5.080105e-03
4.994122e-03
4.910166e-03
4.828218e-03
4.748256e-03
4.670257e-03
4.594196e-03
4.520047e-03
4.447783e-03
4.377375e-03
4.308794e-03
4.242010e-03
4.176991e-03
4.113707e-03
4.052123e-03
3.992209e-03
3.933929e-03
3.877251e-03
3.822140e-03
3.768563e-03
3.716485e-03
3.665872e-03
3.616689e-03
3.568902e-03
3.522476e-03
3.477377e-03
3.433572e-03
3.391026e-03
3.349706e-03
3.309579e-03
3.270611e-03
3.232770e-03
3.196024e-03
3.160341e-03
3.125690e-03
3.092040e-03
3.059361e-03
3.027622e-03
2.996795e-03
2.966850e-03
2.937760e-03
2.909497e-03
2.882033e-03
2.855343e-03
2.829401e-03
2.804181e-03
2.779659e-03
2.755811e-03
2.732613e-03
2.710043e-03
2.688078e-03
2.666697e-03
2.645880e-03
2.625605e-03
2.605854e-03
2.586606e-03
2.567844e-03
2.549550e-03
2.531705e-03
2.514295e-03
2.497301e-03
2.480709e-03
2.464504e-03
2.448670e-03
2.433194e-03
2.418061e-03
2.403260e-03
2.388777e-03
2.374600e-03
2.360717e-03
2.347118e-03
2.333790e-03
2.320724e-03
2.307910e-03
2.295338e-03
2.282998e-03
2.270883e-03
2.258982e-03
2.247289e-03
2.235795e-03
2.224493e-03
2.213375e-03
2.202434e-03
2.191664e-03
2.181059e-03
2.170612e-03
2.160318e-03
2.150170e-03
2.140164e-03
2.130295e-03
2.120557e-03
2.110946e-03
2.101457e-03
2.092086e-03
2.082829e-03
2.073682e-03
2.064641e-03
2.055703e-03
2.046865e-03
2.038122e-03
2.029472e-03
2.020912e-03
2.012439e-03
2.004051e-03
1.995744e-03
1.987516e-03
1.979365e-03
1.971289e-03
1.963285e-03
1.955352e-03
1.947487e-03
1.939688e-03
1.931954e-03
1.924284e-03
1.916675e-03
1.909125e-03
1.901634e-03
1.894200e-03
1.886821e-03
1.879497e-03
1.872226e-03
1.865007e-03
1.857839e-03
1.850720e-03
1.843650e-03
1.836628e-03
1.829652e-03
1.822723e-03
1.815838e-03
1.808998e-03
1.802201e-03
1.795447e-03
1.788735e-03
1.782064e-03
1.775434e-03
1.768844e-03
1.762294e-03
1.755783e-03
1.749310e-03
1.742874e-03
1.736477e-03
1.730116e-03
1.723791e-03
1.717503e-03
1.711250e-03
1.705032e-03
1.698850e-03
1.692701e-03
1.686587e-03
1.680507e-03
1.674460e-03
1.668446e-03
1.662464e-03
1.656516e-03
1.650599e-03
1.644715e-03
1.638862e-03
1.633040e-03
1.627250e-03
1.621491e-03
1.615762e-03
1.610064e-03
1.604397e-03
1.598759e-03
1.593151e-03
1.587573e-03
1.582024e-03
1.576504e-03
1.571014e-03
1.565553e-03
1.560120e-03
1.554716e-03
1.549340e-03
1.543992e-03
1.538673e-03
1.533381e-03
1.528117e-03
1.522881e-03
1.517672e-03
1.512491e-03
1.507336e-03
1.502209e-03
1.497108e-03
1.492035e-03
1.486988e-03
1.481967e-03
1.476972e-03
1.472004e-03
1.467062e-03
1.462146e-03
1.457256e-03
1.452391e-03
1.447552e-03
1.442738e-03
1.437949e-03
1.433186e-03
1.428448e-03
1.423734e-03
1.419046e-03
1.414382e-03
1.409743e-03
1.405128e-03
1.400537e-03
1.395971e-03
1.391428e-03
1.386910e-03
1.382416e-03
1.377945e-03
1.373497e-03
1.369074e-03
1.364673e-03
1.360296e-03
1.355942e-03
1.351611e-03
1.347303e-03
1.343017e-03
1.338754e-03
1.334514e-03
1.330296e-03
1.326101e-03
1.321928e-03
1.317776e-03
1.313647e-03
1.309540e-03
1.305454e-03
1.301390e-03
1.297347e-03
1.293326e-03
1.289326e-03
1.285347e-03
1.281389e-03
1.277452e-03
1.273536e-03
1.269641e-03
1.265766e-03
1.261911e-03
1.258077e-03
1.254263e-03
1.250470e-03
1.246696e-03
1.242942e-03
1.239208e-03
1.235493e-03
1.231799e-03
1.228123e-03
1.224467e-03
1.220830e-03
1.217212e-03
1.213613e-03
1.210033e-03
1.206472e-03
1.202929e-03
1.199405e-03
1.195900e-03
1.192412e-03
1.188943e-03
1.185492e-03
1.182059e-03
1.178644e-03
1.175246e-03
1.171867e-03
1.168504e-03
1.165159e-03
1.161832e-03
1.158522e-03
1.155228e-03
1.151952e-03
1.148693e-03
1.145450e-03
1.142224e-03
1.139015e-03
1.135822e-03
1.132645e-03
1.129485e-03
1.126341e-03
1.123213e-03
1.120101e-03
1.117004e-03
1.113924e-03
1.110859e-03
1.107809e-03
1.104775e-03
1.101756e-03
1.098753e-03
1.095765e-03
1.092791e-03
1.089833e-03
1.086889e-03
1.083960e-03
1.081045e-03
1.078146e-03
1.075260e-03
1.072389e-03
1.069532e-03
1.066689e-03
1.063860e-03
1.061045e-03
1.058244e-03
1.055457e-03
1.052683e-03
1.049923e-03
1.047177e-03
1.044443e-03
1.041723e-03
1.039016e-03
1.036322e-03
1.033642e-03
1.030974e-03
1.028319e-03
1.025676e-03
1.023046e-03
1.020429e-03
1.017824e-03
1.015232e-03
1.012652e-03
1.010084e-03
1.007528e-03
1.004984e-03
1.002452e-03
9.999320e-04
9.974237e-04
9.949270e-04
9.924420e-04
9.899684e-04
9.875062e-04
9.850554e-04
9.826159e-04
9.801875e-04
9.777703e-04
9.753640e-04
9.729687e-04
9.705843e-04
9.682106e-04
9.658476e-04
9.634953e-04
9.611535e-04
9.588222e-04
9.565013e-04
9.541907e-04
9.518903e-04
9.496001e-04
9.473201e-04
9.450500e-04
9.427899e-04
9.405396e-04
9.382992e-04
9.360685e-04
9.338475e-04
9.316361e-04
9.294341e-04
9.272417e-04
9.250586e-04
9.228848e-04
9.207203e-04
9.185650e-04
9.164188e-04
9.142816e-04
9.121534e-04
9.100342e-04
9.079237e-04
9.058221e-04
9.037292e-04
9.016449e-04
8.995693e-04
8.975021e-04
8.954435e-04
8.933932e-04
8.913513e-04
8.893177e-04
8.872923e-04
8.852751e-04
8.832660e-04
8.812649e-04
8.792719e-04
8.772867e-04
8.753095e-04
8.733400e-04
8.713783e-04
8.694244e-04
8.674780e-04
8.655393e-04
8.636081e-04
8.616844e-04
8.597681e-04
8.578592e-04
8.559576e-04
8.540633e-04
8.521762e-04
8.502963e-04
8.484235e-04
8.465578e-04
8.446991e-04
8.428473e-04
8.410025e-04
8.391645e-04
8.373334e-04
8.355090e-04
8.336914e-04
8.318804e-04
8.300760e-04
8.282783e-04
8.264870e-04
8.247023e-04
8.229240e-04
8.211521e-04
8.193865e-04
8.176273e-04
8.158743e-04
8.141275e-04
8.123870e-04
8.106525e-04
8.089242e-04
8.072019e-04
8.054856e-04
8.037752e-04
8.020708e-04
8.003723e-04
7.986797e-04
7.969928e-04
7.953117e-04
7.936363e-04
7.919667e-04
7.903026e-04
7.886442e-04
7.869914e-04
7.853440e-04
7.837022e-04
7.820659e-04
7.804350e-04
7.788094e-04
7.771892e-04
7.755744e-04
7.739648e-04
7.723605e-04
7.707614e-04
7.691674e-04
7.675786e-04
7.659950e-04
7.644163e-04
7.628428e-04
7.612742e-04
7.597107e-04
7.581521e-04
7.565984e-04
7.550496e-04
7.535056e-04
7.519665e-04
7.504321e-04
7.489025e-04
7.473777e-04
7.458575e-04
7.443421e-04
7.428312e-04
7.413250e-04
7.398234e-04
7.383263e-04
7.368338e-04
7.353457e-04
7.338622e-04
7.323830e-04
7.309083e-04
7.294380e-04
7.279721e-04
7.265105e-04
7.250532e-04
7.236002e-04
7.221514e-04
7.207069e-04
7.192666e-04
7.178305e-04
7.163985e-04
7.149707e-04
7.135470e-04
7.121274e-04
7.107119e-04
7.093004e-04
7.078929e-04
7.064894e-04
7.050898e-04
7.036943e-04
7.023026e-04
7.009149e-04
6.995310e-04
6.981510e-04
6.967749e-04
6.954026e-04
6.940340e-04
6.926692e-04
6.913082e-04
6.899510e-04
6.885974e-04
6.872475e-04
6.859013e-04
6.845588e-04
6.832199e-04
6.818846e-04
6.805529e-04
6.792248e-04
6.779002e-04
6.765792e-04
6.752617e-04
6.739477e-04
6.726372e-04
6.713302e-04
6.700266e-04
6.687264e-04
6.674296e-04
6.661363e-04
6.648463e-04
6.635597e-04
6.622764e-04
6.609964e-04
6.597198e-04
6.584464e-04
6.571764e-04
6.559096e-04
6.546460e-04
6.533857e-04
6.521286e-04
6.508747e-04
6.496239e-04
6.483764e-04
6.471320e-04
6.458907e-04
6.446526e-04
6.434175e-04
6.421856e-04
6.409567e-04
6.397309e-04
6.385082e-04
6.372885e-04
6.360718e-04
6.348581e-04
6.336475e-04
6.324398e-04
6.312351e-04
6.300333e-04
6.288345e-04
6.276386e-04
6.264457e-04
6.252556e-04
6.240684e-04
6.228841e-04
6.217027e-04
6.205242e-04
6.193484e-04
6.181756e-04
6.170055e-04
6.158382e-04
6.146738e-04
6.135121e-04
6.123532e-04
6.111970e-04
6.100436e-04
6.088930e-04
6.077450e-04
6.065998e-04
6.054573e-04
6.043175e-04
6.031804e-04
6.020459e-04
6.009142e-04
5.997850e-04
5.986585e-04
5.975347e-04
5.964134e-04
5.952948e-04
5.941788e-04
5.930653e-04
5.919545e-04
5.908462e-04
5.897405e-04
5.886373e-04
5.875367e-04
5.864386e-04
5.853431e-04
5.842500e-04
5.831595e-04
5.820715e-04
5.809859e-04
5.799029e-04
5.788223e-04
5.777441e-04
5.766685e-04
5.755952e-04
5.745244e-04
5.734561e-04
5.723901e-04
5.713266e-04
5.702654e-04
5.692067e-04
5.681503e-04
5.670964e-04
5.660448e-04
5.649955e-04
5.639486e-04
5.629041e-04
5.618619e-04
5.608220e-04
5.597845e-04
5.587493e-04
5.577164e-04
5.566858e-04
5.556574e-04
5.546314e-04
5.536077e-04
5.525862e-04
5.515670e-04
5.505500e-04
5.495353e-04
5.485228e-04
5.475126e-04
5.465046e-04
5.454989e-04
5.444953e-04
5.434940e-04
5.424948e-04
5.414979e-04
5.405032e-04
5.395106e-04
5.385202e-04
5.375320e-04
5.365460e-04
5.355621e-04
5.345803e-04
5.336007e-04
5.326233e-04
5.316480e-04
5.306748e-04
5.297037e-04
5.287348e-04
5.277679e-04
5.268032e-04
5.258405e-04
5.248800e-04
5.239215e-04
5.229652e-04
5.220109e-04
5.210586e-04
5.201084e-04
5.191603e-04
5.182143e-04
5.172703e-04
5.163283e-04
5.153883e-04
5.144504e-04
5.135146e-04
5.125807e-04
5.116489e-04
5.107190e-04
5.097912e-04
5.088654e-04
5.079415e-04
5.070197e-04
5.060998e-04
5.051819e-04
5.042660e-04
5.033521e-04
5.024401e-04
5.015301e-04
5.006220e-04
4.997159e-04
4.988117e-04
4.979095e-04
4.970092e-04
4.961108e-04
4.952143e-04
4.943198e-04
4.934272e-04
4.925365e-04
4.916477e-04
4.907608e-04
4.898758e-04
4.889927e-04
4.881115e-04
4.872322e-04
4.863548e-04
4.854792e-04
4.846055e-04
4.837337e-04
4.828637e-04
4.819956e-04
4.811293e-04
4.802649e-04
4.794023e-04
4.785416e-04
4.776827e-04
4.768256e-04
4.759704e-04
4.751170e-04
4.742654e-04
4.734156e-04
4.725677e-04
4.717215e-04
4.708772e-04
4.700346e-04
4.691938e-04
4.683549e-04
4.675177e-04
4.666823e-04
4.658487e-04
4.650169e-04
4.641868e-04
4.633585e-04
4.625319e-04
4.617072e-04
4.608842e-04
4.600629e-04
4.592434e-04
4.584256e-04
4.576096e-04
4.567953e-04
4.559827e-04
4.551719e-04
4.543628e-04
4.535554e-04
4.527497e-04
4.519458e-04
4.511435e-04
4.503430e-04
4.495442e-04
4.487471e-04
4.479516e-04
4.471579e-04
4.463659e-04
4.455755e-04
4.447869e-04
4.439999e-04
4.432146e-04
4.424309e-04
4.416490e-04
4.408686e-04
4.400900e-04
4.393130e-04
4.385377e-04
4.377640e-04
4.369920e-04
4.362216e-04
4.354529e-04
4.346858e-04
4.339204e-04
4.331565e-04
4.323943e-04
4.316338e-04
4.308748e-04
4.301175e-04
4.293618e-04
4.286077e-04
4.278552e-04
4.271043e-04
4.263551e-04
4.256074e-04
4.248613e-04
4.241168e-04
4.233739e-04
4.226326e-04
4.218929e-04
4.211548e-04
4.204182e-04
4.196832e-04
4.189498e-04
4.182180e-04
4.174877e-04
4.167590e-04
4.160318e-04
4.153062e-04
4.145822e-04
4.138597e-04
4.131387e-04
4.124193e-04
4.117015e-04
4.109852e-04
4.102704e-04
4.095571e-04
4.088454e-04
4.081352e-04
4.074266e-04
4.067194e-04
4.060138e-04
4.053097e-04
4.046071e-04
4.039060e-04
4.032064e-04
4.025083e-04
4.018117e-04
4.011167e-04
4.004231e-04
3.997310e-04
3.990404e-04
3.983513e-04
3.976636e-04
3.969775e-04
3.962928e-04
3.956096e-04
3.949279e-04
3.942476e-04
3.935688e-04
3.928915e-04
3.922156e-04
3.915412e-04
3.908683e-04
3.901968e-04
3.895268e-04
3.888582e-04
3.881910e-04
3.875253e-04
3.868610e-04
3.861982e-04
3.855368e-04
3.848768e-04
3.842183e-04
3.835612e-04
3.829055e-04
3.822512e-04
3.815983e-04
3.809469e-04
3.802969e-04
3.796483e-04
3.790010e-04
3.783552e-04
3.777108e-04
3.770678e-04
3.764262e-04
3.757860e-04
3.751472e-04
3.745098e-04
3.738737e-04
3.732390e-04
3.726058e-04
3.719739e-04
3.713433e-04
3.707142e-04
3.700864e-04
3.694600e-04
3.688349e-04
3.682112e-04
3.675889e-04
3.669679e-04
3.663483e-04
3.657300e-04
3.651131e-04
3.644976e-04
3.638833e-04
3.632705e-04
3.626589e-04
3.620487e-04
3.614399e-04
3.608323e-04
3.602261e-04
3.596213e-04
3.590177e-04
3.584155e-04
3.578146e-04
3.572150e-04
3.566167e-04
3.560197e-04
3.554241e-04
3.548297e-04
3.542367e-04
3.536450e-04
3.530545e-04
3.524654e-04
3.518775e-04
3.512910e-04
3.507057e-04
3.501217e-04
3.495391e-04
3.489577e-04
3.483775e-04
3.477987e-04
3.472211e-04
3.466448e-04
3.460698e-04
3.454960e-04
3.449236e-04
3.443523e-04
3.437824e-04
3.432137e-04
3.426462e-04
3.420800e-04
3.415151e-04
3.409514e-04
3.403889e-04
3.398277e-04
3.392678e-04
3.387091e-04
3.381516e-04
3.375953e-04
3.370403e-04
3.364866e-04
3.359340e-04
3.353827e-04
3.348326e-04
3.342837e-04
3.337360e-04
3.331896e-04
3.326444e-04
3.321004e-04
3.315575e-04
3.310159e-04
3.304756e-04
